AL, 09, 2022092606,   , BEST,   0, 177N,  817W,  65,  985, HU,  34, NEQ,   70,   70,   30,   70, 1013,  150,  15,  80,   0,   L,   0,    ,   0,   0,        IAN, D, 12, NEQ,   45,   30,   30,   30, genesis-num, 028, 
AL, 09, 2022092606,   , BEST,   0, 177N,  817W,  65,  985, HU,  50, NEQ,   30,   30,    0,   20, 1013,  150,  15,  80,   0,   L,   0,    ,   0,   0,        IAN, D, 12, NEQ,   45,   30,   30,   30, genesis-num, 028, 
AL, 09, 2022092606,   , BEST,   0, 177N,  817W,  65,  985, HU,  64, NEQ,   15,    0,    0,    0, 1013,  150,  15,  80,   0,   L,   0,    ,   0,   0,        IAN, D, 12, NEQ,   45,   30,   30,   30, genesis-num, 028, 
AL, 09, 2022092609,   , OFCL,   3, 182N,  820W,  65,  983,   ,  34, NEQ,   80,   70,   30,   80, 1013,    0,   0,  80,   0,    ,   0, TBK, 325,  12,       IAN ,  , 12, NEQ,  60,  60,   0,   0
AL, 09, 2022092609,   , OFCL,   3, 182N,  820W,  65,  983,   ,  50, NEQ,   30,   30,    0,   20, 1013,    0,   0,  80,   0,    ,   0, TBK, 325,  12,       IAN ,  , 12, NEQ,  60,  60,   0,   0
AL, 09, 2022092609,   , OFCL,   3, 182N,  820W,  65,  983,   ,  64, NEQ,   15,    0,    0,    0, 1013,    0,   0,  80,   0,    ,   0, TBK, 325,  12,       IAN ,  , 12, NEQ,  60,  60,   0,   0
AL, 09, 2022092618,   , OFCL,  12, 198N,  827W,  90,  961,   ,  34, NEQ,  100,  100,   60,   90, 1013,    0,   0, 110,   0,    ,   0, TBK,  65,  17,       IAN ,  , 12, NEQ,  60,  60,   0,   0
AL, 09, 2022092618,   , OFCL,  12, 198N,  827W,  90,  961,   ,  50, NEQ,   50,   50,   30,   40, 1013,    0,   0, 110,   0,    ,   0, TBK,  65,  17,       IAN ,  , 12, NEQ,  60,  60,   0,   0
AL, 09, 2022092618,   , OFCL,  12, 198N,  827W,  90,  961,   ,  64, NEQ,   20,   20,   15,   20, 1013,    0,   0, 110,   0,    ,   0, TBK,  65,  17,       IAN ,  , 12, NEQ,  60,  60,   0,   0
AL, 09, 2022092706,   , OFCL,  24, 219N,  833W, 105,  947,   ,  34, NEQ,  120,  110,   70,  100, 1013,    0,   0, 130,   0,    ,   0, TBK,  65,  17,       IAN ,  , 12, NEQ,  60,  60,   0,   0
AL, 09, 2022092706,   , OFCL,  24, 219N,  833W, 105,  947,   ,  50, NEQ,   50,   50,   30,   50, 1013,    0,   0, 130,   0,    ,   0, TBK,  65,  17,       IAN ,  , 12, NEQ,  60,  60,   0,   0
AL, 09, 2022092706,   , OFCL,  24, 219N,  833W, 105,  947,   ,  64, NEQ,   25,   25,   15,   20, 1013,    0,   0, 130,   0,    ,   0, TBK,  65,  17,       IAN ,  , 12, NEQ,  60,  60,   0,   0
AL, 09, 2022092718,   , OFCL,  36, 236N,  833W, 115,  939,   ,  34, NEQ,  130,  110,   90,  110, 1013,    0,   0, 140,   0,    ,   0, TBK,  65,  17,       IAN ,  , 12, NEQ,  60,  60,   0,   0
AL, 09, 2022092718,   , OFCL,  36, 236N,  833W, 115,  939,   ,  50, NEQ,   60,   60,   40,   50, 1013,    0,   0, 140,   0,    ,   0, TBK,  65,  17,       IAN ,  , 12, NEQ,  60,  60,   0,   0
AL, 09, 2022092718,   , OFCL,  36, 236N,  833W, 115,  939,   ,  64, NEQ,   30,   30,   20,   25, 1013,    0,   0, 140,   0,    ,   0, TBK,  65,  17,       IAN ,  , 12, NEQ,  60,  60,   0,   0
AL, 09, 2022092806,   , OFCL,  48, 252N,  831W, 120,  934,   ,  34, NEQ,  150,  130,  100,  130, 1013,    0,   0, 145,   0,    ,   0, TBK,  65,  17,       IAN ,  , 12, NEQ,  60,  60,   0,   0
AL, 09, 2022092806,   , OFCL,  48, 252N,  831W, 120,  934,   ,  50, NEQ,   70,   60,   50,   60, 1013,    0,   0, 145,   0,    ,   0, TBK,  65,  17,       IAN ,  , 12, NEQ,  60,  60,   0,   0
AL, 09, 2022092806,   , OFCL,  48, 252N,  831W, 120,  934,   ,  64, NEQ,   35,   35,   30,   30, 1013,    0,   0, 145,   0,    ,   0, TBK,  65,  17,       IAN ,  , 12, NEQ,  60,  60,   0,   0
AL, 09, 2022092818,   , OFCL,  60, 264N,  825W, 115,  937,   ,  34, NEQ,  180,  130,  110,  150, 1013,    0,   0, 140,   0,    ,   0, TBK,  65,  17,       IAN ,  , 12, NEQ,  60,  60,   0,   0
AL, 09, 2022092818,   , OFCL,  60, 264N,  825W, 115,  937,   ,  50, NEQ,   80,   70,   60,   70, 1013,    0,   0, 140,   0,    ,   0, TBK,  65,  17,       IAN ,  , 12, NEQ,  60,  60,   0,   0
AL, 09, 2022092906,   , OFCL,  72, 273N,  819W, 100,  946,   ,  34, NEQ,  210,  150,  120,  150, 1013,    0,   0, 120,   0,    ,   0, TBK,  65,  17,       IAN ,  , 12, NEQ,  60,  60,   0,   0
AL, 09, 2022092906,   , OFCL,  72, 273N,  819W, 100,  946,   ,  50, NEQ,   90,   70,   60,   80, 1013,    0,   0, 120,   0,    ,   0, TBK,  65,  17,       IAN ,  , 12, NEQ,  60,  60,   0,   0
AL, 09, 2022093006,   , OFCL,  96, 287N,  809W,  80,  948,   ,  34, NEQ,    0,    0,    0,    0, 1013,    0,   0, 100,   0,    ,   0, TBK,  65,  17,       IAN ,  , 12, NEQ,  60,  60,   0,   0
AL, 09, 2022100106,   , OFCL, 120, 318N,  796W,  35,  977,   ,  34, NEQ,    0,    0,    0,    0, 1013,    0,   0,  45,   0,    ,   0, TBK,  65,  17,       IAN ,  , 12, NEQ,  60,  60,   0,   0
