AL, 09, 2021082818,   , OFCL,   0, 253N,  869W,  70,  983,   ,  34, NEQ,  110,   80,   40,   80, 1013,    0,   0,  85,   0,    ,   0, TBK,  65,  17,       IDA ,  , 12, NEQ,  60,  60,   0,   0
AL, 09, 2021082818,   , OFCL,   0, 253N,  869W,  70,  983,   ,  50, NEQ,   40,   30,   20,   30, 1013,    0,   0,  85,   0,    ,   0, TBK,  65,  17,       IDA ,  , 12, NEQ,  60,  60,   0,   0
AL, 09, 2021082818,   , OFCL,   0, 253N,  869W,  70,  983,   ,  64, NEQ,   20,    0,    0,    0, 1013,    0,   0,  85,   0,    ,   0, TBK,  65,  17,       IDA ,  , 12, NEQ,  60,  60,   0,   0
AL, 09, 2021082906,   , OFCL,  12, 273N,  884W,  85,  972,   ,  34, NEQ,  130,  110,   60,  100, 1013,    0,   0, 105,   0,    ,   0, TBK,  65,  17,       IDA ,  , 12, NEQ,  60,  60,   0,   0
AL, 09, 2021082906,   , OFCL,  12, 273N,  884W,  85,  972,   ,  50, NEQ,   50,   40,   40,   40, 1013,    0,   0, 105,   0,    ,   0, TBK,  65,  17,       IDA ,  , 12, NEQ,  60,  60,   0,   0
AL, 09, 2021082906,   , OFCL,  12, 273N,  884W,  85,  972,   ,  64, NEQ,   30,   20,   20,   20, 1013,    0,   0, 105,   0,    ,   0, TBK,  65,  17,       IDA ,  , 12, NEQ,  60,  60,   0,   0
AL, 09, 2021082918,   , OFCL,  24, 289N,  897W, 100,  960,   ,  34, NEQ,  130,  110,   70,  100, 1013,    0,   0, 120,   0,    ,   0, TBK,  65,  17,       IDA ,  , 12, NEQ,  60,  60,   0,   0
AL, 09, 2021082918,   , OFCL,  24, 289N,  897W, 100,  960,   ,  50, NEQ,   60,   60,   40,   50, 1013,    0,   0, 120,   0,    ,   0, TBK,  65,  17,       IDA ,  , 12, NEQ,  60,  60,   0,   0
AL, 09, 2021083006,   , OFCL,  36, 303N,  905W,  85,  972,   ,  34, NEQ,  120,  110,   70,   70, 1013,    0,   0, 105,   0,    ,   0, TBK,  65,  17,       IDA ,  , 12, NEQ,  60,  60,   0,   0
AL, 09, 2021083006,   , OFCL,  36, 303N,  905W,  85,  972,   ,  50, NEQ,   50,   60,   30,   40, 1013,    0,   0, 105,   0,    ,   0, TBK,  65,  17,       IDA ,  , 12, NEQ,  60,  60,   0,   0
