AL, 09, 2021082706,   , BEST,   0, 194N,  809W,  45, 1002, TS,  34, NEQ,   70,    0,    0,    0, 1013,  140,  40,  50,   0,   L,   0,    ,   0,   0,        IDA, M, 
AL, 09, 2021082709,   , OFCL,   3, 200N,  814W,  40, 1001,   ,  34, NEQ,   70,    0,    0,    0, 1013,    0,   0,  50,   0,    ,   0, TBK, 320,  13,       IDA ,  , 12, NEQ,  60,  60,   0,   0
AL, 09, 2021082718,   , OFCL,  12, 213N,  831W,  50,  996,   ,  34, NEQ,   80,   40,   30,   50, 1013,    0,   0,  60,   0,    ,   0, TBK,  65,  17,       IDA ,  , 12, NEQ,  60,  60,   0,   0
AL, 09, 2021082718,   , OFCL,  12, 213N,  831W,  50,  996,   ,  50, NEQ,   30,    0,    0,    0, 1013,    0,   0,  60,   0,    ,   0, TBK,  65,  17,       IDA ,  , 12, NEQ,  60,  60,   0,   0
AL, 09, 2021082806,   , OFCL,  24, 230N,  852W,  60,  990,   ,  34, NEQ,   90,   70,   40,   60, 1013,    0,   0,  75,   0,    ,   0, TBK,  65,  17,       IDA ,  , 12, NEQ,  60,  60,   0,   0
AL, 09, 2021082806,   , OFCL,  24, 230N,  852W,  60,  990,   ,  50, NEQ,   40,    0,    0,   20, 1013,    0,   0,  75,   0,    ,   0, TBK,  65,  17,       IDA ,  , 12, NEQ,  60,  60,   0,   0
AL, 09, 2021082818,   , OFCL,  36, 248N,  873W,  70,  983,   ,  34, NEQ,  110,   80,   40,   80, 1013,    0,   0,  85,   0,    ,   0, TBK,  65,  17,       IDA ,  , 12, NEQ,  60,  60,   0,   0
AL, 09, 2021082818,   , OFCL,  36, 248N,  873W,  70,  983,   ,  50, NEQ,   40,   30,   20,   30, 1013,    0,   0,  85,   0,    ,   0, TBK,  65,  17,       IDA ,  , 12, NEQ,  60,  60,   0,   0
AL, 09, 2021082818,   , OFCL,  36, 248N,  873W,  70,  983,   ,  64, NEQ,   20,    0,    0,    0, 1013,    0,   0,  85,   0,    ,   0, TBK,  65,  17,       IDA ,  , 12, NEQ,  60,  60,   0,   0
AL, 09, 2021082906,   , OFCL,  48, 265N,  893W,  85,  972,   ,  34, NEQ,  130,  110,   60,  100, 1013,    0,   0, 105,   0,    ,   0, TBK,  65,  17,       IDA ,  , 12, NEQ,  60,  60,   0,   0
AL, 09, 2021082906,   , OFCL,  48, 265N,  893W,  85,  972,   ,  50, NEQ,   50,   40,   40,   40, 1013,    0,   0, 105,   0,    ,   0, TBK,  65,  17,       IDA ,  , 12, NEQ,  60,  60,   0,   0
AL, 09, 2021082906,   , OFCL,  48, 265N,  893W,  85,  972,   ,  64, NEQ,   30,   20,   20,   20, 1013,    0,   0, 105,   0,    ,   0, TBK,  65,  17,       IDA ,  , 12, NEQ,  60,  60,   0,   0
AL, 09, 2021082918,   , OFCL,  60, 281N,  910W, 100,  960,   ,  34, NEQ,  130,  110,   70,  100, 1013,    0,   0, 120,   0,    ,   0, TBK,  65,  17,       IDA ,  , 12, NEQ,  60,  60,   0,   0
AL, 09, 2021082918,   , OFCL,  60, 281N,  910W, 100,  960,   ,  50, NEQ,   60,   60,   40,   50, 1013,    0,   0, 120,   0,    ,   0, TBK,  65,  17,       IDA ,  , 12, NEQ,  60,  60,   0,   0
AL, 09, 2021083006,   , OFCL,  72, 295N,  922W,  85,  972,   ,  34, NEQ,  120,  110,   70,   70, 1013,    0,   0, 105,   0,    ,   0, TBK,  65,  17,       IDA ,  , 12, NEQ,  60,  60,   0,   0
AL, 09, 2021083006,   , OFCL,  72, 295N,  922W,  85,  972,   ,  50, NEQ,   50,   60,   30,   40, 1013,    0,   0, 105,   0,    ,   0, TBK,  65,  17,       IDA ,  , 12, NEQ,  60,  60,   0,   0
