AL, 13, 2020082406,   , BEST,   0, 202N,  778W,  50, 1000, TS,  34, NEQ,  150,  130,    0,    0, 1013,  150,  25,  65,   0,   L,   0,    ,   0,   0,      LAURA, M, 12, NEQ,  330,    0,    0,    0, genesis-num, 028, 
AL, 13, 2020082406,   , BEST,   0, 202N,  778W,  50, 1000, TS,  50, NEQ,   40,   40,    0,    0, 1013,  150,  25,  65,   0,   L,   0,    ,   0,   0,      LAURA, M, 12, NEQ,  330,    0,    0,    0, genesis-num, 028, 
AL, 13, 2020082409,   , OFCL,   3, 208N,  789W,  55, 1000,   ,  34, NEQ,  150,  150,    0,   30, 1013,    0,   0,  65,   0,    ,   0, TBK, 290,  18,     LAURA ,  , 12, NEQ,  60,  60,   0,   0
AL, 13, 2020082409,   , OFCL,   3, 208N,  789W,  55, 1000,   ,  50, NEQ,   40,   40,    0,    0, 1013,    0,   0,  65,   0,    ,   0, TBK, 290,  18,     LAURA ,  , 12, NEQ,  60,  60,   0,   0
AL, 13, 2020082418,   , OFCL,  12, 214N,  816W,  55,  993,   ,  34, NEQ,  160,  160,    0,   40, 1013,    0,   0,  65,   0,    ,   0, TBK,  65,  17,     LAURA ,  , 12, NEQ,  60,  60,   0,   0
AL, 13, 2020082418,   , OFCL,  12, 214N,  816W,  55,  993,   ,  50, NEQ,   40,   40,    0,   20, 1013,    0,   0,  65,   0,    ,   0, TBK,  65,  17,     LAURA ,  , 12, NEQ,  60,  60,   0,   0
AL, 13, 2020082506,   , OFCL,  24, 224N,  847W,  60,  990,   ,  34, NEQ,  160,  160,    0,   60, 1013,    0,   0,  75,   0,    ,   0, TBK,  65,  17,     LAURA ,  , 12, NEQ,  60,  60,   0,   0
AL, 13, 2020082506,   , OFCL,  24, 224N,  847W,  60,  990,   ,  50, NEQ,   40,   40,    0,   20, 1013,    0,   0,  75,   0,    ,   0, TBK,  65,  17,     LAURA ,  , 12, NEQ,  60,  60,   0,   0
AL, 13, 2020082518,   , OFCL,  36, 239N,  879W,  65,  987,   ,  34, NEQ,  150,  150,   40,   80, 1013,    0,   0,  80,   0,    ,   0, TBK,  65,  17,     LAURA ,  , 12, NEQ,  60,  60,   0,   0
AL, 13, 2020082518,   , OFCL,  36, 239N,  879W,  65,  987,   ,  50, NEQ,   50,   40,    0,   30, 1013,    0,   0,  80,   0,    ,   0, TBK,  65,  17,     LAURA ,  , 12, NEQ,  60,  60,   0,   0
AL, 13, 2020082518,   , OFCL,  36, 239N,  879W,  65,  987,   ,  64, NEQ,   15,   15,    0,   15, 1013,    0,   0,  80,   0,    ,   0, TBK,  65,  17,     LAURA ,  , 12, NEQ,  60,  60,   0,   0
AL, 13, 2020082606,   , OFCL,  48, 254N,  906W,  75,  980,   ,  34, NEQ,  140,  140,   40,  100, 1013,    0,   0,  90,   0,    ,   0, TBK,  65,  17,     LAURA ,  , 12, NEQ,  60,  60,   0,   0
AL, 13, 2020082606,   , OFCL,  48, 254N,  906W,  75,  980,   ,  50, NEQ,   50,   40,   20,   30, 1013,    0,   0,  90,   0,    ,   0, TBK,  65,  17,     LAURA ,  , 12, NEQ,  60,  60,   0,   0
AL, 13, 2020082606,   , OFCL,  48, 254N,  906W,  75,  980,   ,  64, NEQ,   20,   15,    0,   15, 1013,    0,   0,  90,   0,    ,   0, TBK,  65,  17,     LAURA ,  , 12, NEQ,  60,  60,   0,   0
AL, 13, 2020082618,   , OFCL,  60, 273N,  930W,  85,  972,   ,  34, NEQ,  140,  140,   40,  100, 1013,    0,   0, 105,   0,    ,   0, TBK,  65,  17,     LAURA ,  , 12, NEQ,  60,  60,   0,   0
AL, 13, 2020082618,   , OFCL,  60, 273N,  930W,  85,  972,   ,  50, NEQ,   60,   50,   30,   40, 1013,    0,   0, 105,   0,    ,   0, TBK,  65,  17,     LAURA ,  , 12, NEQ,  60,  60,   0,   0
AL, 13, 2020082706,   , OFCL,  72, 293N,  944W,  90,  968,   ,  34, NEQ,  140,  140,   50,   80, 1013,    0,   0, 110,   0,    ,   0, TBK,  65,  17,     LAURA ,  , 12, NEQ,  60,  60,   0,   0
AL, 13, 2020082706,   , OFCL,  72, 293N,  944W,  90,  968,   ,  50, NEQ,   60,   50,   30,   50, 1013,    0,   0, 110,   0,    ,   0, TBK,  65,  17,     LAURA ,  , 12, NEQ,  60,  60,   0,   0
AL, 13, 2020082806,   , OFCL,  96, 357N,  934W,  35, 1004,   ,  34, NEQ,    0,    0,    0,    0, 1013,    0,   0,  45,   0,    ,   0, TBK,  65,  17,     LAURA ,  , 12, NEQ,  60,  60,   0,   0
AL, 13, 2020082906,   , OFCL, 120, 398N,  831W,  25, 1008,   ,  34, NEQ,    0,    0,    0,    0, 1013,    0,   0,  35,   0,    ,   0, TBK,  65,  17,     LAURA ,  , 12, NEQ,  60,  60,   0,   0
