AL, 13, 2020082518,   , OFCL,   0, 245N,  876W,  65,  987,   ,  34, NEQ,  150,  150,   40,   80, 1013,    0,   0,  80,   0,    ,   0, TBK,  65,  17,     LAURA ,  , 12, NEQ,  60,  60,   0,   0
AL, 13, 2020082518,   , OFCL,   0, 245N,  876W,  65,  987,   ,  50, NEQ,   50,   40,    0,   30, 1013,    0,   0,  80,   0,    ,   0, TBK,  65,  17,     LAURA ,  , 12, NEQ,  60,  60,   0,   0
AL, 13, 2020082518,   , OFCL,   0, 245N,  876W,  65,  987,   ,  64, NEQ,   15,   15,    0,   15, 1013,    0,   0,  80,   0,    ,   0, TBK,  65,  17,     LAURA ,  , 12, NEQ,  60,  60,   0,   0
AL, 13, 2020082606,   , OFCL,  12, 257N,  904W,  75,  980,   ,  34, NEQ,  140,  140,   40,  100, 1013,    0,   0,  90,   0,    ,   0, TBK,  65,  17,     LAURA ,  , 12, NEQ,  60,  60,   0,   0
AL, 13, 2020082606,   , OFCL,  12, 257N,  904W,  75,  980,   ,  50, NEQ,   50,   40,   20,   30, 1013,    0,   0,  90,   0,    ,   0, TBK,  65,  17,     LAURA ,  , 12, NEQ,  60,  60,   0,   0
AL, 13, 2020082606,   , OFCL,  12, 257N,  904W,  75,  980,   ,  64, NEQ,   20,   15,    0,   15, 1013,    0,   0,  90,   0,    ,   0, TBK,  65,  17,     LAURA ,  , 12, NEQ,  60,  60,   0,   0
AL, 13, 2020082618,   , OFCL,  24, 276N,  926W,  85,  972,   ,  34, NEQ,  140,  140,   40,  100, 1013,    0,   0, 105,   0,    ,   0, TBK,  65,  17,     LAURA ,  , 12, NEQ,  60,  60,   0,   0
AL, 13, 2020082618,   , OFCL,  24, 276N,  926W,  85,  972,   ,  50, NEQ,   60,   50,   30,   40, 1013,    0,   0, 105,   0,    ,   0, TBK,  65,  17,     LAURA ,  , 12, NEQ,  60,  60,   0,   0
AL, 13, 2020082706,   , OFCL,  36, 295N,  938W,  90,  968,   ,  34, NEQ,  140,  140,   50,   80, 1013,    0,   0, 110,   0,    ,   0, TBK,  65,  17,     LAURA ,  , 12, NEQ,  60,  60,   0,   0
AL, 13, 2020082706,   , OFCL,  36, 295N,  938W,  90,  968,   ,  50, NEQ,   60,   50,   30,   50, 1013,    0,   0, 110,   0,    ,   0, TBK,  65,  17,     LAURA ,  , 12, NEQ,  60,  60,   0,   0
AL, 13, 2020082806,   , OFCL,  60, 356N,  924W,  35, 1004,   ,  34, NEQ,    0,    0,    0,    0, 1013,    0,   0,  45,   0,    ,   0, TBK,  65,  17,     LAURA ,  , 12, NEQ,  60,  60,   0,   0
AL, 13, 2020082906,   , OFCL,  84, 387N,  825W,  25, 1008,   ,  34, NEQ,    0,    0,    0,    0, 1013,    0,   0,  35,   0,    ,   0, TBK,  65,  17,     LAURA ,  , 12, NEQ,  60,  60,   0,   0
