AL, 14, 2024100706,   , BEST,   0, 221N,  929W,  90,  972, HU,  34, NEQ,   60,   70,   70,   70, 1013,  150,  10, 110,   0,   L,   0,    ,   0,   0,     MILTON, D, 12, NEQ,  120,  120,  210,   90, genesis-num, 028, 
AL, 14, 2024100706,   , BEST,   0, 221N,  929W,  90,  972, HU,  50, NEQ,   30,   30,   40,   40, 1013,  150,  10, 110,   0,   L,   0,    ,   0,   0,     MILTON, D, 12, NEQ,  120,  120,  210,   90, genesis-num, 028, 
AL, 14, 2024100706,   , BEST,   0, 221N,  929W,  90,  972, HU,  64, NEQ,   10,   20,   20,   10, 1013,  150,  10, 110,   0,   L,   0,    ,   0,   0,     MILTON, D, 12, NEQ,  120,  120,  210,   90, genesis-num, 028, 
AL, 14, 2024100709,   , OFCL,   3, 221N,  926W,  85,  972,   ,  34, NEQ,   60,   70,   70,   70, 1013,    0,   0, 105,   0,    ,   0, TBK, 105,   7,    MILTON ,  , 12, NEQ,  60,  60,   0,   0
AL, 14, 2024100709,   , OFCL,   3, 221N,  926W,  85,  972,   ,  50, NEQ,   30,   30,   40,   40, 1013,    0,   0, 105,   0,    ,   0, TBK, 105,   7,    MILTON ,  , 12, NEQ,  60,  60,   0,   0
AL, 14, 2024100709,   , OFCL,   3, 221N,  926W,  85,  972,   ,  64, NEQ,    0,   20,   20,    0, 1013,    0,   0, 105,   0,    ,   0, TBK, 105,   7,    MILTON ,  , 12, NEQ,  60,  60,   0,   0
AL, 14, 2024100718,   , OFCL,  12, 218N,  913W, 100,  952,   ,  34, NEQ,   60,   80,   80,   70, 1013,    0,   0, 120,   0,    ,   0, TBK,  65,  17,    MILTON ,  , 12, NEQ,  60,  60,   0,   0
AL, 14, 2024100718,   , OFCL,  12, 218N,  913W, 100,  952,   ,  50, NEQ,   30,   40,   40,   40, 1013,    0,   0, 120,   0,    ,   0, TBK,  65,  17,    MILTON ,  , 12, NEQ,  60,  60,   0,   0
AL, 14, 2024100718,   , OFCL,  12, 218N,  913W, 100,  952,   ,  64, NEQ,   20,   30,   30,   20, 1013,    0,   0, 120,   0,    ,   0, TBK,  65,  17,    MILTON ,  , 12, NEQ,  60,  60,   0,   0
AL, 14, 2024100806,   , OFCL,  24, 221N,  893W, 115,  939,   ,  34, NEQ,   70,   80,   90,   80, 1013,    0,   0, 140,   0,    ,   0, TBK,  65,  17,    MILTON ,  , 12, NEQ,  60,  60,   0,   0
AL, 14, 2024100806,   , OFCL,  24, 221N,  893W, 115,  939,   ,  50, NEQ,   30,   40,   40,   40, 1013,    0,   0, 140,   0,    ,   0, TBK,  65,  17,    MILTON ,  , 12, NEQ,  60,  60,   0,   0
AL, 14, 2024100806,   , OFCL,  24, 221N,  893W, 115,  939,   ,  64, NEQ,   20,   30,   30,   20, 1013,    0,   0, 140,   0,    ,   0, TBK,  65,  17,    MILTON ,  , 12, NEQ,  60,  60,   0,   0
AL, 14, 2024100818,   , OFCL,  36, 230N,  874W, 125,  930,   ,  34, NEQ,   80,   80,   90,  100, 1013,    0,   0, 150,   0,    ,   0, TBK,  65,  17,    MILTON ,  , 12, NEQ,  60,  60,   0,   0
AL, 14, 2024100818,   , OFCL,  36, 230N,  874W, 125,  930,   ,  50, NEQ,   30,   40,   40,   40, 1013,    0,   0, 150,   0,    ,   0, TBK,  65,  17,    MILTON ,  , 12, NEQ,  60,  60,   0,   0
AL, 14, 2024100818,   , OFCL,  36, 230N,  874W, 125,  930,   ,  64, NEQ,   20,   30,   30,   20, 1013,    0,   0, 150,   0,    ,   0, TBK,  65,  17,    MILTON ,  , 12, NEQ,  60,  60,   0,   0
AL, 14, 2024100906,   , OFCL,  48, 246N,  856W, 125,  930,   ,  34, NEQ,  110,  100,  100,  120, 1013,    0,   0, 150,   0,    ,   0, TBK,  65,  17,    MILTON ,  , 12, NEQ,  60,  60,   0,   0
AL, 14, 2024100906,   , OFCL,  48, 246N,  856W, 125,  930,   ,  50, NEQ,   40,   50,   50,   40, 1013,    0,   0, 150,   0,    ,   0, TBK,  65,  17,    MILTON ,  , 12, NEQ,  60,  60,   0,   0
AL, 14, 2024100906,   , OFCL,  48, 246N,  856W, 125,  930,   ,  64, NEQ,   20,   30,   30,   20, 1013,    0,   0, 150,   0,    ,   0, TBK,  65,  17,    MILTON ,  , 12, NEQ,  60,  60,   0,   0
AL, 14, 2024100918,   , OFCL,  60, 262N,  837W, 110,  939,   ,  34, NEQ,  140,  120,  110,  130, 1013,    0,   0, 135,   0,    ,   0, TBK,  65,  17,    MILTON ,  , 12, NEQ,  60,  60,   0,   0
AL, 14, 2024100918,   , OFCL,  60, 262N,  837W, 110,  939,   ,  50, NEQ,   50,   60,   50,   50, 1013,    0,   0, 135,   0,    ,   0, TBK,  65,  17,    MILTON ,  , 12, NEQ,  60,  60,   0,   0
AL, 14, 2024101006,   , OFCL,  72, 279N,  815W,  75,  951,   ,  34, NEQ,  160,  140,  110,  150, 1013,    0,   0,  90,   0,    ,   0, TBK,  65,  17,    MILTON ,  , 12, NEQ,  60,  60,   0,   0
AL, 14, 2024101006,   , OFCL,  72, 279N,  815W,  75,  951,   ,  50, NEQ,   70,   60,   60,   80, 1013,    0,   0,  90,   0,    ,   0, TBK,  65,  17,    MILTON ,  , 12, NEQ,  60,  60,   0,   0
